version https://git-lfs.github.com/spec/v1
oid sha256:84e400c4b3b0bc0e3e4a60123725f10f08a54e150552b092aaa356b3c549eb7d
size 4569415
