version https://git-lfs.github.com/spec/v1
oid sha256:c32ff793083009213e7217bf998edc90556773574dd7d0a80664368505d2ef9b
size 27484
